chr22	17398307	17398657	chr22	17539170	17539377	99164	42	0.000000
chr22	17398307	17398657	chr22	17980731	17981081	99165	5	0.002911
chr22	17413574	17413790	chr22	17539170	17539377	99166	13	0.000000
chr22	17555817	17556167	chr22	17652767	17652952	99167	34	0.000000
chr22	17555817	17556167	chr22	17980731	17981081	99168	37	0.000000
chr22	17652767	17652952	chr22	17980731	17981081	99169	83	0.000000
chr22	17686358	17686708	chr22	17980731	17981081	99170	28	0.000000
chr22	17694891	17695241	chr22	17980731	17981081	99171	9	0.000029
chr22	17749341	17749691	chr22	17980731	17981081	99172	16	0.000000
chr22	18038196	18038394	chr22	18268103	18268250	99173	13	0.000008
chr22	18225275	18225462	chr22	18268103	18268250	99174	31	0.000006
chr22	18225275	18225462	chr22	18558869	18559119	99175	15	0.000003
chr22	18275042	18275392	chr22	18558869	18559119	99176	10	0.003844
chr22	18312801	18313021	chr22	18507235	18507585	99177	31	0.000000
chr22	18312801	18313021	chr22	18553820	18554170	99178	9	0.004320
chr22	18312801	18313021	chr22	18558869	18559119	99179	105	0.000000
chr22	18359089	18359293	chr22	18507235	18507585	99180	9	0.000019
chr22	18359089	18359293	chr22	18558869	18559119	99181	9	0.001307
chr22	18402936	18403153	chr22	18507235	18507585	99182	13	0.000027
chr22	18429169	18429519	chr22	18447652	18447868	99183	12	0.002150
chr22	18483790	18484140	chr22	18558869	18559119	99184	36	0.000011
chr22	18593266	18593482	chr22	19419814	19420164	99185	2	0.043480
chr22	18941930	18942280	chr22	19132279	19132487	99186	8	0.032835
chr22	18941930	18942280	chr22	19617534	19617719	99187	8	0.000000
chr22	18941930	18942280	chr22	19705509	19705859	99188	6	0.000000
chr22	19132279	19132487	chr22	19462025	19462375	99189	3	0.049185
chr22	19132279	19132487	chr22	19465141	19465491	99190	11	0.000000
chr22	19132279	19132487	chr22	19617534	19617719	99191	11	0.000000
chr22	19166936	19167286	chr22	19465141	19465491	99192	19	0.000000
chr22	19166936	19167286	chr22	19617534	19617719	99193	11	0.000000
chr22	19166936	19167286	chr22	19705509	19705859	99194	5	0.000684
chr22	19205436	19205786	chr22	19617534	19617719	99195	8	0.000005
chr22	19462025	19462375	chr22	19617534	19617719	99196	7	0.024123
chr22	19465141	19465491	chr22	19617534	19617719	99197	28	0.000000
chr22	19483477	19483693	chr22	19617534	19617719	99198	17	0.000000
chr22	19667109	19667459	chr22	19705509	19705859	99199	23	0.000000
chr22	19718235	19718437	chr22	19897550	19897732	99200	144	0.000000
chr22	19718235	19718437	chr22	19935261	19935611	99201	20	0.000000
chr22	19718235	19718437	chr22	19941274	19941457	99202	7	0.001122
chr22	19744050	19744400	chr22	19842291	19842540	99203	10	0.000034
chr22	19744050	19744400	chr22	19897550	19897732	99204	22	0.000000
chr22	19760446	19760696	chr22	19842291	19842540	99205	6	0.026913
chr22	19829220	19829424	chr22	19897550	19897732	99206	10	0.023543
chr22	19958068	19958287	chr22	20000925	20001275	99207	18	0.000270
chr22	19958068	19958287	chr22	20015551	20015801	99208	12	0.000558
chr22	19958068	19958287	chr22	20116737	20117087	99209	20	0.000000
chr22	19958068	19958287	chr22	20273247	20273597	99210	11	0.000003
chr22	20104571	20104921	chr22	20918642	20918904	99211	2	0.025029
chr22	20144576	20144793	chr22	20226079	20226429	99212	29	0.000000
chr22	20144576	20144793	chr22	20255814	20256164	99213	55	0.000000
chr22	20144576	20144793	chr22	20273247	20273597	99214	73	0.000000
chr22	20144576	20144793	chr22	20810621	20810830	99215	9	0.000000
chr22	20144576	20144793	chr22	20850824	20851025	99216	5	0.000752
chr22	20162475	20162720	chr22	20226079	20226429	99217	7	0.000977
chr22	20162475	20162720	chr22	20255814	20256164	99218	7	0.000338
chr22	20203364	20203568	chr22	20255814	20256164	99219	9	0.000532
chr22	20273247	20273597	chr22	20810621	20810830	99220	7	0.000006
chr22	20772543	20772701	chr22	20810621	20810830	99221	82	0.000000
chr22	20772543	20772701	chr22	20850824	20851025	99222	48	0.000000
chr22	20772543	20772701	chr22	20925847	20926097	99223	13	0.000002
chr22	20772543	20772701	chr22	21051805	21052155	99224	8	0.001890
chr22	20918642	20918904	chr22	21051805	21052155	99225	8	0.002318
chr22	20960584	20960776	chr22	21051805	21052155	99226	79	0.000000
chr22	20960584	20960776	chr22	21138673	21139122	99227	12	0.043544
chr22	21375151	21375501	chr22	21457098	21457448	99228	9	0.001221
chr22	22026457	22026807	chr22	22080955	22081305	99229	8	0.010988
chr22	22067559	22067723	chr22	22221939	22222289	99230	12	0.022718
chr22	22067559	22067723	chr22	22292447	22292678	99231	46	0.000000
chr22	22067559	22067723	chr22	22307247	22307418	99232	41	0.000000
chr22	22307247	22307418	chr22	23298119	23298469	99233	10	0.000000
chr22	22326726	22326950	chr22	23285023	23285205	99234	3	0.042696
chr22	22326726	22326950	chr22	23298119	23298469	99235	35	0.000000
chr22	22339245	22339595	chr22	23285023	23285205	99236	10	0.000000
chr22	22339245	22339595	chr22	23298119	23298469	99237	37	0.000000
chr22	22384986	22385136	chr22	22511111	22511461	99238	20	0.001139
chr22	22384986	22385136	chr22	23277985	23278335	99239	22	0.000000
chr22	22384986	22385136	chr22	23285023	23285205	99240	29	0.000000
chr22	22384986	22385136	chr22	23298119	23298469	99241	26	0.000000
chr22	22415059	22415260	chr22	22465312	22465662	99242	30	0.000000
chr22	22465312	22465662	chr22	22511111	22511461	99243	32	0.000000
chr22	22511111	22511461	chr22	22549830	22550069	99244	38	0.000000
chr22	22511111	22511461	chr22	22562207	22562557	99245	33	0.000242
chr22	22511111	22511461	chr22	22590028	22590378	99246	14	0.034345
chr22	22549830	22550069	chr22	23277985	23278335	99247	5	0.000220
chr22	22549830	22550069	chr22	23285023	23285205	99248	6	0.000081
chr22	22549830	22550069	chr22	23298119	23298469	99249	17	0.000000
chr22	22562207	22562557	chr22	22590028	22590378	99250	63	0.000000
chr22	22676359	22676709	chr22	22818358	22818708	99251	7	0.038382
chr22	22711638	22711988	chr22	22785813	22786163	99252	10	0.032678
chr22	22711638	22711988	chr22	23298119	23298469	99253	5	0.015070
chr22	22734722	22735072	chr22	22818358	22818708	99254	13	0.001450
chr22	22776973	22777323	chr22	22895191	22895441	99255	5	0.006303
chr22	22785813	22786163	chr22	22818358	22818708	99256	24	0.000953
chr22	22818358	22818708	chr22	22895191	22895441	99257	9	0.011917
chr22	22818358	22818708	chr22	23298119	23298469	99258	12	0.000000
chr22	22929385	22929735	chr22	23298119	23298469	99259	23	0.000000
chr22	22936491	22936841	chr22	22958671	22958922	99260	18	0.000000
chr22	22936491	22936841	chr22	23298119	23298469	99261	11	0.000613
chr22	23009029	23009379	chr22	23030113	23030463	99262	26	0.000000
chr22	23009029	23009379	chr22	23298119	23298469	99263	44	0.000000
chr22	23027417	23027767	chr22	23298119	23298469	99264	27	0.000000
chr22	23030113	23030463	chr22	23090752	23091109	99265	11	0.000122
chr22	23035260	23035610	chr22	23285023	23285205	99266	25	0.000000
chr22	23035260	23035610	chr22	23298119	23298469	99267	34	0.000000
chr22	23039883	23040233	chr22	23277985	23278335	99268	14	0.000000
chr22	23039883	23040233	chr22	23285023	23285205	99269	12	0.000000
chr22	23045063	23045434	chr22	23090752	23091109	99270	4	0.020688
chr22	23053198	23053548	chr22	23090752	23091109	99271	14	0.000000
chr22	23062565	23062915	chr22	23088159	23088509	99272	6	0.000951
chr22	23062565	23062915	chr22	23090752	23091109	99273	21	0.000000
chr22	23130667	23131017	chr22	23298119	23298469	99274	15	0.000001
chr22	23144856	23145206	chr22	23298119	23298469	99275	17	0.000016
chr22	23152449	23152799	chr22	23190562	23190912	99276	12	0.000012
chr22	23152449	23152799	chr22	23197868	23198218	99277	5	0.034846
chr22	23152449	23152799	chr22	23298119	23298469	99278	19	0.000004
chr22	23190562	23190912	chr22	23285023	23285205	99279	14	0.018953
chr22	23190562	23190912	chr22	23298119	23298469	99280	32	0.000000
chr22	23197868	23198218	chr22	23277985	23278335	99281	11	0.000064
chr22	23277985	23278335	chr22	23863849	23864199	99282	4	0.000015
chr22	23301412	23301658	chr22	23470709	23470872	99283	265	0.000000
chr22	23301412	23301658	chr22	23624085	23624536	99284	27	0.000000
chr22	23301412	23301658	chr22	23632737	23632953	99285	12	0.000000
chr22	23301412	23301658	chr22	23718520	23718870	99286	6	0.000877
chr22	23301412	23301658	chr22	23728161	23728378	99287	39	0.000000
chr22	23301412	23301658	chr22	23881883	23882034	99288	7	0.000062
chr22	23301412	23301658	chr22	23933406	23933582	99289	5	0.004945
chr22	23470709	23470872	chr22	23728161	23728378	99290	12	0.031746
chr22	23516201	23516361	chr22	23624085	23624536	99291	52	0.000000
chr22	23516201	23516361	chr22	23728161	23728378	99292	14	0.000003
chr22	23520677	23520930	chr22	23624085	23624536	99293	225	0.000000
chr22	23520677	23520930	chr22	23632737	23632953	99294	26	0.000000
chr22	23520677	23520930	chr22	23728161	23728378	99295	14	0.043419
chr22	23657749	23658099	chr22	23718520	23718870	99296	11	0.000045
chr22	23657749	23658099	chr22	23728161	23728378	99297	37	0.000000
chr22	23657749	23658099	chr22	23881883	23882034	99298	13	0.000000
chr22	23744870	23745220	chr22	23881883	23882034	99299	22	0.000000
chr22	23883939	23884289	chr22	23933406	23933582	99300	26	0.000000
chr22	23883939	23884289	chr22	24191803	24192009	99301	14	0.000000
chr22	23969646	23969934	chr22	24110489	24110839	99302	10	0.004254
chr22	23969646	23969934	chr22	24191803	24192009	99303	8	0.034869
chr22	24110489	24110839	chr22	24191803	24192009	99304	73	0.000000
chr22	24113132	24113482	chr22	24191803	24192009	99305	55	0.000000
chr22	24298866	24299018	chr22	24372363	24372613	99306	16	0.000021
chr22	24298866	24299018	chr22	24578592	24578796	99307	5	0.000117
chr22	24298866	24299018	chr22	24627280	24627830	99308	7	0.000006
chr22	24298866	24299018	chr22	24643550	24643900	99309	10	0.000000
chr22	24298866	24299018	chr22	25154169	25154519	99310	3	0.010303
chr22	24458509	24458859	chr22	24571178	24571528	99311	6	0.047201
chr22	24529205	24529438	chr22	24571178	24571528	99312	11	0.000787
chr22	24585605	24585955	chr22	24627280	24627830	99313	19	0.000286
chr22	24585605	24585955	chr22	24643550	24643900	99314	35	0.000000
chr22	24585605	24585955	chr22	24655536	24655740	99315	9	0.000450
chr22	24721078	24721328	chr22	24899220	24899380	99316	14	0.000666
chr22	24721078	24721328	chr22	24917761	24918111	99317	25	0.000000
chr22	24721078	24721328	chr22	24921483	24921687	99318	32	0.000000
chr22	24817432	24817782	chr22	24881581	24881931	99319	14	0.002263
chr22	24817432	24817782	chr22	24899220	24899380	99320	26	0.000000
chr22	24817432	24817782	chr22	24917761	24918111	99321	22	0.000016
chr22	24817432	24817782	chr22	24921483	24921687	99322	28	0.000000
chr22	24819662	24820012	chr22	24881581	24881931	99323	21	0.000001
chr22	24819662	24820012	chr22	24899220	24899380	99324	51	0.000000
chr22	24819662	24820012	chr22	24917761	24918111	99325	31	0.000000
chr22	24819662	24820012	chr22	24921483	24921687	99326	27	0.000000
chr22	24833958	24834317	chr22	24856534	24856884	99327	9	0.009257
chr22	24833958	24834317	chr22	24899220	24899380	99328	15	0.005439
chr22	25164724	25165074	chr22	25246345	25246573	99329	32	0.000000
chr22	25456614	25456964	chr22	25568180	25568530	99330	8	0.000076
chr22	25477340	25477690	chr22	25568180	25568530	99331	24	0.000000
chr22	25506860	25507210	chr22	25568180	25568530	99332	7	0.000902
chr22	25598400	25598577	chr22	25730049	25730602	99333	15	0.000000
chr22	25598400	25598577	chr22	26169004	26169199	99334	7	0.000096
chr22	25598400	25598577	chr22	26173856	26174206	99335	4	0.001257
chr22	25631803	25632153	chr22	25730049	25730602	99336	17	0.000000
chr22	25631803	25632153	chr22	26169004	26169199	99337	6	0.001595
chr22	25758212	25758374	chr22	25843867	25844065	99338	57	0.000000
chr22	25758212	25758374	chr22	26122687	26122937	99339	5	0.001485
chr22	25758212	25758374	chr22	26169004	26169199	99340	9	0.001831
chr22	25778828	25779081	chr22	25843867	25844065	99341	7	0.028134
chr22	25799981	25800197	chr22	25843867	25844065	99342	16	0.000420
chr22	25843867	25844065	chr22	26169004	26169199	99343	8	0.027960
chr22	25843867	25844065	chr22	26727053	26727259	99344	3	0.022624
chr22	25858576	25858774	chr22	26097981	26098331	99345	48	0.000000
chr22	25858576	25858774	chr22	26169004	26169199	99346	87	0.000000
chr22	25858576	25858774	chr22	26173856	26174206	99347	17	0.000000
chr22	25858576	25858774	chr22	26294735	26295085	99348	5	0.000551
chr22	25939908	25940258	chr22	26097981	26098331	99349	22	0.000000
chr22	25939908	25940258	chr22	26105768	26106118	99350	7	0.008546
chr22	25939908	25940258	chr22	26169004	26169199	99351	28	0.000000
chr22	25963221	25963571	chr22	26097981	26098331	99352	19	0.000001
chr22	25963221	25963571	chr22	26122687	26122937	99353	6	0.004336
chr22	25963221	25963571	chr22	26169004	26169199	99354	12	0.030553
chr22	26169004	26169199	chr22	26294735	26295085	99355	10	0.042607
chr22	26169004	26169199	chr22	26715076	26715426	99356	7	0.000000
chr22	26169004	26169199	chr22	26727053	26727259	99357	30	0.000000
chr22	26169004	26169199	chr22	26756462	26756645	99358	6	0.000345
chr22	26249868	26250218	chr22	26530916	26531266	99359	3	0.041558
chr22	26292136	26292360	chr22	26727053	26727259	99360	12	0.000000
chr22	26299263	26299613	chr22	26727053	26727259	99361	3	0.012805
chr22	26482471	26482694	chr22	26727053	26727259	99362	7	0.000006
chr22	26568369	26568719	chr22	26715076	26715426	99363	4	0.009418
chr22	26760458	26760708	chr22	26857202	26857754	99364	34	0.000000
chr22	26760458	26760708	chr22	27041360	27041499	99365	9	0.043266
chr22	26763728	26763929	chr22	26857202	26857754	99366	11	0.004866
chr22	26794626	26794976	chr22	26857202	26857754	99367	102	0.000000
chr22	26794626	26794976	chr22	27061446	27061796	99368	9	0.004769
chr22	26875066	26875416	chr22	27041360	27041499	99369	10	0.014398
chr22	26898882	26899232	chr22	27038832	27039182	99370	14	0.000004
chr22	26898882	26899232	chr22	27041360	27041499	99371	56	0.000000
chr22	26898882	26899232	chr22	27061446	27061796	99372	14	0.000008
chr22	26959109	26959330	chr22	27041360	27041499	99373	27	0.000000
chr22	26959109	26959330	chr22	27061446	27061796	99374	12	0.000065
chr22	27075047	27075262	chr22	27152581	27152931	99375	37	0.000003
chr22	27231955	27232205	chr22	28200715	28201065	99376	7	0.000000
chr22	27801911	27802261	chr22	28405384	28405585	99377	6	0.000000
chr22	28276808	28277158	chr22	28405384	28405585	99378	44	0.000000
chr22	28276808	28277158	chr22	28990719	28991069	99379	3	0.038392
chr22	28282524	28282874	chr22	28405384	28405585	99380	41	0.000000
chr22	28416086	28416293	chr22	28838221	28838571	99381	10	0.000000
chr22	28416086	28416293	chr22	28990719	28991069	99382	38	0.000000
chr22	28447742	28448092	chr22	28508764	28509114	99383	5	0.018960
chr22	28447742	28448092	chr22	28838221	28838571	99384	15	0.000000
chr22	28447742	28448092	chr22	28990719	28991069	99385	16	0.000000
chr22	28649221	28649571	chr22	28838221	28838571	99386	4	0.026328
chr22	28649221	28649571	chr22	28990719	28991069	99387	3	0.041111
chr22	28996553	28996903	chr22	29225448	29225678	99388	114	0.000000
chr22	28996553	28996903	chr22	29436747	29436972	99389	36	0.000000
chr22	28996553	28996903	chr22	29550530	29550713	99390	4	0.032295
chr22	28996553	28996903	chr22	29641607	29641811	99391	5	0.014754
chr22	29137679	29138174	chr22	29169002	29169218	99392	16	0.000664
chr22	29186197	29186548	chr22	29225448	29225678	99393	57	0.000000
chr22	29251696	29251864	chr22	29426200	29426416	99394	7	0.011415
chr22	29251696	29251864	chr22	29436747	29436972	99395	116	0.000000
chr22	29251696	29251864	chr22	29641607	29641811	99396	28	0.000000
chr22	29436747	29436972	chr22	29641607	29641811	99397	34	0.000000
chr22	29550530	29550713	chr22	29641607	29641811	99398	39	0.000000
chr22	29552523	29552873	chr22	29641607	29641811	99399	36	0.000000
chr22	29598579	29598929	chr22	29641607	29641811	99400	23	0.009088
chr22	29791040	29791222	chr22	29808868	29809072	99401	20	0.000380
chr22	29791040	29791222	chr22	29920460	29920810	99402	47	0.000000
chr22	29791040	29791222	chr22	29949686	29950036	99403	11	0.000196
chr22	29791040	29791222	chr22	30484977	30485240	99404	7	0.000067
chr22	29985970	29986186	chr22	30484977	30485240	99405	18	0.000000
chr22	30021641	30021845	chr22	30484977	30485240	99406	14	0.000000
chr22	30031739	30032089	chr22	30401295	30401519	99407	9	0.000727
chr22	30031739	30032089	chr22	30484977	30485240	99408	18	0.000000
chr22	30085790	30086140	chr22	30401295	30401519	99409	8	0.000130
chr22	30085790	30086140	chr22	30484977	30485240	99410	19	0.000000
chr22	30097264	30097614	chr22	30401295	30401519	99411	6	0.001367
chr22	30097264	30097614	chr22	30484977	30485240	99412	4	0.019342
chr22	30123221	30123571	chr22	30401295	30401519	99413	16	0.000000
chr22	30123221	30123571	chr22	30484977	30485240	99414	15	0.000000
chr22	30168307	30168557	chr22	30401295	30401519	99415	10	0.000000
chr22	30217244	30217448	chr22	30401295	30401519	99416	9	0.000993
chr22	30279375	30279826	chr22	30401295	30401519	99417	13	0.003801
chr22	30401295	30401519	chr22	30484977	30485240	99418	27	0.011949
chr22	30504639	30504989	chr22	30651925	30652364	99419	57	0.000000
chr22	30504639	30504989	chr22	30682898	30683100	99420	64	0.000000
chr22	30651925	30652364	chr22	30682898	30683100	99421	52	0.000052
chr22	30658909	30659120	chr22	30682898	30683100	99422	65	0.000000
chr22	30658909	30659120	chr22	30783360	30783710	99423	17	0.000032
chr22	30682898	30683100	chr22	30723793	30724143	99424	45	0.000008
chr22	30682898	30683100	chr22	30783360	30783710	99425	212	0.000000
chr22	30682898	30683100	chr22	30787182	30787343	99426	29	0.000769
chr22	30787182	30787343	chr22	30822555	30822771	99427	44	0.000000
chr22	30787182	30787343	chr22	30881448	30881654	99428	74	0.000000
chr22	30841192	30841542	chr22	30881448	30881654	99429	67	0.000000
chr22	30841192	30841542	chr22	30998096	30998446	99430	7	0.021702
chr22	30956624	30956974	chr22	30998096	30998446	99431	4	0.025108
chr22	31030472	31030681	chr22	31102055	31102271	99432	18	0.012104
chr22	31030472	31030681	chr22	31151406	31151756	99433	231	0.000000
chr22	31030472	31030681	chr22	31286604	31286954	99434	7	0.021427
chr22	31030472	31030681	chr22	31316398	31316580	99435	17	0.000001
chr22	31102055	31102271	chr22	31151406	31151756	99436	20	0.012546
chr22	31159755	31160105	chr22	31262840	31263090	99437	6	0.010520
chr22	31159755	31160105	chr22	31286604	31286954	99438	13	0.000009
chr22	31159755	31160105	chr22	31316398	31316580	99439	66	0.000000
chr22	31159755	31160105	chr22	31545080	31545274	99440	12	0.000000
chr22	31159755	31160105	chr22	31627153	31627503	99441	8	0.000104
chr22	31159755	31160105	chr22	32029879	32030101	99442	4	0.005143
chr22	31212513	31212763	chr22	31262840	31263090	99443	4	0.000335
chr22	31343815	31344165	chr22	31481272	31481441	99444	28	0.000000
chr22	31343815	31344165	chr22	31545080	31545274	99445	13	0.000000
chr22	31365740	31365956	chr22	31481272	31481441	99446	19	0.000000
chr22	31485200	31485363	chr22	31545080	31545274	99447	43	0.000000
chr22	31485200	31485363	chr22	31627153	31627503	99448	21	0.000001
chr22	31485200	31485363	chr22	31709366	31709547	99449	11	0.000043
chr22	31485200	31485363	chr22	32373165	32373515	99450	3	0.034004
chr22	31607904	31608254	chr22	31627153	31627503	99451	80	0.000000
chr22	31607904	31608254	chr22	31668898	31669148	99452	39	0.000000
chr22	31741840	31742023	chr22	32029879	32030101	99453	12	0.000001
chr22	31741840	31742023	chr22	32366707	32366926	99454	6	0.000024
chr22	31847715	31848065	chr22	32029879	32030101	99455	17	0.000000
chr22	31847715	31848065	chr22	32391113	32391363	99456	2	0.010929
chr22	32061580	32061930	chr22	32343369	32343573	99457	22	0.000000
chr22	32061580	32061930	chr22	32366707	32366926	99458	27	0.000000
chr22	32061580	32061930	chr22	32476942	32477292	99459	6	0.002434
chr22	32268280	32268630	chr22	32343369	32343573	99460	15	0.000001
chr22	32366707	32366926	chr22	32662273	32662414	99461	7	0.005840
chr22	32373165	32373515	chr22	32476942	32477292	99462	78	0.000000
chr22	32373165	32373515	chr22	32602883	32603233	99463	14	0.000000
chr22	32373165	32373515	chr22	32662273	32662414	99464	10	0.000005
chr22	32373165	32373515	chr22	32774689	32775039	99465	7	0.000002
chr22	32373165	32373515	chr22	32840156	32840506	99466	7	0.000011
chr22	32373165	32373515	chr22	32869326	32869676	99467	10	0.000000
chr22	32373165	32373515	chr22	32914882	32915232	99468	3	0.020414
chr22	32499676	32500026	chr22	32602883	32603233	99469	10	0.000030
chr22	32499676	32500026	chr22	32662273	32662414	99470	8	0.001037
chr22	32499676	32500026	chr22	32840156	32840506	99471	4	0.031430
chr22	32499676	32500026	chr22	32869326	32869676	99472	9	0.000005
chr22	32499676	32500026	chr22	32914882	32915232	99473	3	0.013373
chr22	32519717	32519921	chr22	33445204	33445408	99474	4	0.000000
chr22	32598405	32598755	chr22	32869326	32869676	99475	5	0.015901
chr22	32662273	32662414	chr22	32869326	32869676	99476	9	0.004175
chr22	32774689	32775039	chr22	32869326	32869676	99477	12	0.000238
chr22	32809762	32810112	chr22	32869326	32869676	99478	12	0.000391
chr22	32924916	32925266	chr22	33193065	33193223	99479	14	0.000000
chr22	32924916	32925266	chr22	33219066	33219416	99480	4	0.004937
chr22	32924916	32925266	chr22	33382057	33382307	99481	13	0.000000
chr22	32924916	32925266	chr22	33396695	33397045	99482	6	0.000010
chr22	33322636	33322986	chr22	33382057	33382307	99483	6	0.030190
chr22	33322636	33322986	chr22	33695393	33695743	99484	4	0.000420
chr22	33414318	33414527	chr22	33445204	33445408	99485	17	0.000054
chr22	33414318	33414527	chr22	33599262	33599612	99486	19	0.000000
chr22	33414318	33414527	chr22	33606157	33606507	99487	25	0.000000
chr22	33414318	33414527	chr22	33670222	33670572	99488	13	0.000001
chr22	33445204	33445408	chr22	33606157	33606507	99489	9	0.003986
chr22	33479255	33479605	chr22	33599262	33599612	99490	27	0.000000
chr22	33479255	33479605	chr22	33606157	33606507	99491	11	0.020075
chr22	33479255	33479605	chr22	33975539	33975774	99492	5	0.005409
chr22	33606157	33606507	chr22	33670222	33670572	99493	24	0.000776
chr22	33670222	33670572	chr22	33695393	33695743	99494	17	0.030724
chr22	33695393	33695743	chr22	34313817	34314167	99495	5	0.000263
chr22	33698079	33698289	chr22	33915277	33915627	99496	39	0.000000
chr22	33698079	33698289	chr22	33975539	33975774	99497	72	0.000000
chr22	33698079	33698289	chr22	34313817	34314167	99498	18	0.000000
chr22	33698079	33698289	chr22	34319681	34320031	99499	7	0.000262
chr22	33915277	33915627	chr22	33975539	33975774	99500	119	0.000000
chr22	33915277	33915627	chr22	34313817	34314167	99501	28	0.000000
chr22	33915277	33915627	chr22	34319681	34320031	99502	12	0.000002
chr22	33915277	33915627	chr22	34507294	34507510	99503	5	0.000838
chr22	34152476	34152680	chr22	34313817	34314167	99504	21	0.000000
chr22	34319681	34320031	chr22	34501471	34501821	99505	33	0.000000
chr22	34319681	34320031	chr22	34507294	34507510	99506	31	0.000000
chr22	34451853	34452057	chr22	35420134	35420313	99507	2	0.027241
chr22	34507294	34507510	chr22	35420134	35420313	99508	5	0.000012
chr22	34810904	34811056	chr22	35339864	35340214	99509	4	0.000268
chr22	34810904	34811056	chr22	35420134	35420313	99510	20	0.000000
chr22	34810904	34811056	chr22	35433137	35433487	99511	7	0.000000
chr22	34810904	34811056	chr22	35536958	35537208	99512	17	0.000000
chr22	34810904	34811056	chr22	35546626	35546785	99513	17	0.000000
chr22	34810904	34811056	chr22	35550982	35551146	99514	11	0.000000
chr22	34810904	34811056	chr22	35627589	35627779	99515	3	0.014646
chr22	35200594	35200944	chr22	35420134	35420313	99516	10	0.000001
chr22	35200594	35200944	chr22	35536958	35537208	99517	5	0.002553
chr22	35200594	35200944	chr22	35546626	35546785	99518	4	0.028819
chr22	35339864	35340214	chr22	35420134	35420313	99519	22	0.000000
chr22	35339864	35340214	chr22	35536958	35537208	99520	10	0.000056
chr22	35420134	35420313	chr22	35536958	35537208	99521	34	0.000000
chr22	35439285	35439635	chr22	35536958	35537208	99522	64	0.000000
chr22	35439285	35439635	chr22	35546626	35546785	99523	25	0.000000
chr22	35550982	35551146	chr22	35627589	35627779	99524	23	0.000021
chr22	35746820	35746992	chr22	35807075	35807425	99525	56	0.000000
chr22	35746820	35746992	chr22	35979196	35979395	99526	102	0.000000
chr22	35746820	35746992	chr22	36019444	36019590	99527	35	0.000000
chr22	35746820	35746992	chr22	36317786	36318136	99528	6	0.003195
chr22	35746820	35746992	chr22	36520103	36520330	99529	14	0.000000
chr22	35763640	35763875	chr22	35807075	35807425	99530	14	0.000556
chr22	35826804	35827154	chr22	35979196	35979395	99531	29	0.000000
chr22	35826804	35827154	chr22	36317786	36318136	99532	5	0.000439
chr22	36019444	36019590	chr22	36520103	36520330	99533	5	0.015644
chr22	36023234	36023584	chr22	36239027	36239377	99534	14	0.000000
chr22	36023234	36023584	chr22	36317786	36318136	99535	35	0.000000
chr22	36023234	36023584	chr22	36462059	36462459	99536	9	0.000000
chr22	36023234	36023584	chr22	36520103	36520330	99537	29	0.000000
chr22	36027691	36028041	chr22	36239027	36239377	99538	8	0.000000
chr22	36027691	36028041	chr22	36317786	36318136	99539	6	0.009196
chr22	36108805	36109021	chr22	36317786	36318136	99540	8	0.000000
chr22	36115511	36115861	chr22	36317786	36318136	99541	4	0.049447
chr22	36317786	36318136	chr22	36520103	36520330	99542	13	0.005418
chr22	36326969	36327319	chr22	36462059	36462459	99543	11	0.000071
chr22	36326969	36327319	chr22	36520103	36520330	99544	34	0.000000
chr22	36462059	36462459	chr22	36520103	36520330	99545	34	0.000000
chr22	36541099	36541650	chr22	36576430	36576890	99546	80	0.000000
chr22	36590988	36591367	chr22	36617907	36618157	99547	36	0.000000
chr22	36590988	36591367	chr22	36673699	36674049	99548	24	0.000000
chr22	36673699	36674049	chr22	36882638	36883187	99549	6	0.044744
chr22	36697433	36697612	chr22	36866382	36866589	99550	75	0.000000
chr22	36942264	36942614	chr22	37178138	37178329	99551	14	0.000023
chr22	36942264	36942614	chr22	37249633	37249849	99552	6	0.000577
chr22	36942264	36942614	chr22	37252419	37252698	99553	9	0.000078
chr22	36942264	36942614	chr22	37374177	37374378	99554	8	0.000230
chr22	37153731	37153898	chr22	37374177	37374378	99555	19	0.000000
chr22	37178138	37178329	chr22	37249633	37249849	99556	26	0.000000
chr22	37178138	37178329	chr22	37252419	37252698	99557	38	0.000000
chr22	37178138	37178329	chr22	37374177	37374378	99558	70	0.000000
chr22	37178138	37178329	chr22	37440178	37440360	99559	25	0.000000
chr22	37186672	37187022	chr22	37252419	37252698	99560	11	0.001666
chr22	37249633	37249849	chr22	37374177	37374378	99561	14	0.001672
chr22	37252419	37252698	chr22	37374177	37374378	99562	61	0.000000
chr22	37269659	37270009	chr22	37374177	37374378	99563	32	0.000000
chr22	37382318	37382568	chr22	37440178	37440360	99564	23	0.000016
chr22	37473891	37474135	chr22	37544026	37544307	99565	29	0.000003
chr22	37473891	37474135	chr22	37595565	37595766	99566	73	0.000000
chr22	37522958	37523308	chr22	37595565	37595766	99567	22	0.001149
chr22	37544026	37544307	chr22	37558430	37558783	99568	61	0.000000
chr22	37562615	37562841	chr22	37595565	37595766	99569	54	0.000001
chr22	37595565	37595766	chr22	37656990	37657202	99570	52	0.000000
chr22	37621554	37621782	chr22	37656990	37657202	99571	35	0.000000
chr22	37663157	37663351	chr22	37679558	37679908	99572	36	0.004979
chr22	37663157	37663351	chr22	37710922	37711272	99573	34	0.000000
chr22	37663157	37663351	chr22	37825041	37825391	99574	33	0.000000
chr22	37663157	37663351	chr22	37853446	37853678	99575	30	0.000000
chr22	37712953	37713163	chr22	37825041	37825391	99576	77	0.000000
chr22	37712953	37713163	chr22	37853446	37853678	99577	96	0.000000
chr22	37712953	37713163	chr22	37894389	37894739	99578	12	0.000665
chr22	37868441	37868791	chr22	37888845	37889195	99579	10	0.000186
chr22	37868441	37868791	chr22	37894389	37894739	99580	17	0.000000
chr22	37934875	37935115	chr22	37957787	37958037	99581	19	0.017725
chr22	37934875	37935115	chr22	37963405	37963587	99582	145	0.000000
chr22	37934875	37935115	chr22	37988561	37988911	99583	68	0.000000
chr22	37941169	37941519	chr22	37963405	37963587	99584	26	0.014713
chr22	37941169	37941519	chr22	37988561	37988911	99585	28	0.000000
chr22	37963405	37963587	chr22	37988561	37988911	99586	39	0.000525
chr22	38003127	38003351	chr22	38077664	38077855	99587	23	0.000780
chr22	38019596	38019946	chr22	38077664	38077855	99588	42	0.000000
chr22	38039382	38039555	chr22	38077664	38077855	99589	65	0.000000
chr22	38057076	38057426	chr22	38077664	38077855	99590	62	0.000000
chr22	38127866	38128216	chr22	38187842	38188192	99591	4	0.018989
chr22	38213701	38213896	chr22	38259483	38259833	99592	63	0.000000
chr22	38213701	38213896	chr22	38326685	38327035	99593	10	0.000840
chr22	38213701	38213896	chr22	38329993	38330210	99594	33	0.000000
chr22	38213701	38213896	chr22	38361237	38361487	99595	41	0.000000
chr22	38302098	38302314	chr22	38326685	38327035	99596	9	0.001243
chr22	38302098	38302314	chr22	38329993	38330210	99597	20	0.000000
chr22	38302098	38302314	chr22	38361237	38361487	99598	16	0.000008
chr22	38448347	38448581	chr22	38500132	38500482	99599	15	0.000011
chr22	38448347	38448581	chr22	38626171	38626521	99600	14	0.000044
chr22	38448347	38448581	chr22	38658102	38658452	99601	14	0.021889
chr22	38448347	38448581	chr22	38749149	38749499	99602	27	0.000000
chr22	38448347	38448581	chr22	38864376	38864726	99603	4	0.009352
chr22	38448347	38448581	chr22	38909111	38909461	99604	4	0.006459
chr22	38448347	38448581	chr22	38968151	38968501	99605	30	0.000000
chr22	38448347	38448581	chr22	39077810	39077975	99606	8	0.000000
chr22	38465313	38465663	chr22	39077810	39077975	99607	2	0.048483
chr22	38496786	38497136	chr22	38626171	38626521	99608	11	0.000001
chr22	38510566	38510776	chr22	38626171	38626521	99609	11	0.000726
chr22	38510566	38510776	chr22	38749149	38749499	99610	15	0.000016
chr22	38510566	38510776	chr22	38968151	38968501	99611	6	0.006660
chr22	38658102	38658452	chr22	38749149	38749499	99612	42	0.000000
chr22	38658102	38658452	chr22	38968151	38968501	99613	12	0.000162
chr22	38694332	38694682	chr22	38749149	38749499	99614	30	0.000000
chr22	38808846	38809096	chr22	38968151	38968501	99615	12	0.000088
chr22	39120967	39121317	chr22	39162160	39162510	99616	6	0.007882
chr22	39164924	39165068	chr22	39399117	39399467	99617	9	0.025476
chr22	39266324	39266507	chr22	39399117	39399467	99618	67	0.000000
chr22	39266324	39266507	chr22	39518086	39518440	99619	15	0.000023
chr22	39323308	39323658	chr22	39399117	39399467	99620	15	0.011061
chr22	39369670	39369869	chr22	39399117	39399467	99621	58	0.000000
chr22	39369670	39369869	chr22	39518086	39518440	99622	22	0.000000
chr22	39377274	39377624	chr22	39399117	39399467	99623	18	0.041648
chr22	39403649	39403999	chr22	39513930	39514280	99624	58	0.000000
chr22	39403649	39403999	chr22	39518086	39518440	99625	42	0.000000
chr22	39410036	39410258	chr22	39513930	39514280	99626	22	0.000007
chr22	39531125	39531475	chr22	39702731	39703081	99627	8	0.005618
chr22	39531125	39531475	chr22	39910362	39910712	99628	3	0.045169
chr22	39531125	39531475	chr22	39963352	39963571	99629	4	0.000059
chr22	39566867	39567066	chr22	39702731	39703081	99630	57	0.000000
chr22	39566867	39567066	chr22	39706973	39707190	99631	125	0.000000
chr22	39566867	39567066	chr22	39712512	39712667	99632	24	0.000000
chr22	39611851	39612201	chr22	39702731	39703081	99633	12	0.000153
chr22	39611851	39612201	chr22	39706973	39707190	99634	13	0.007520
chr22	39739526	39739876	chr22	39910362	39910712	99635	9	0.000024
chr22	39739526	39739876	chr22	39925290	39925537	99636	22	0.000000
chr22	39739526	39739876	chr22	40432658	40433008	99637	4	0.003938
chr22	39795498	39795848	chr22	39899689	39900039	99638	9	0.002985
chr22	39795498	39795848	chr22	39910362	39910712	99639	7	0.043997
chr22	39795498	39795848	chr22	39925290	39925537	99640	14	0.007375
chr22	39889364	39889714	chr22	39925290	39925537	99641	40	0.000000
chr22	39889364	39889714	chr22	40420865	40421073	99642	5	0.023436
chr22	39889364	39889714	chr22	40432658	40433008	99643	6	0.000605
chr22	39892457	39892673	chr22	39925290	39925537	99644	42	0.000000
chr22	39892457	39892673	chr22	40420865	40421073	99645	6	0.003832
chr22	39892457	39892673	chr22	40432658	40433008	99646	9	0.000000
chr22	39925290	39925537	chr22	40432658	40433008	99647	5	0.047902
chr22	39930784	39931134	chr22	40395557	40395907	99648	6	0.000039
chr22	39930784	39931134	chr22	40420865	40421073	99649	46	0.000000
chr22	39930784	39931134	chr22	40432658	40433008	99650	54	0.000000
chr22	39930784	39931134	chr22	40744177	40744354	99651	8	0.000001
chr22	39939125	39939475	chr22	40395557	40395907	99652	7	0.000000
chr22	39939125	39939475	chr22	40420865	40421073	99653	11	0.000000
chr22	39939125	39939475	chr22	40432658	40433008	99654	10	0.000000
chr22	39939125	39939475	chr22	40744177	40744354	99655	4	0.002090
chr22	39953415	39953631	chr22	40420865	40421073	99656	5	0.000033
chr22	39953415	39953631	chr22	40432658	40433008	99657	4	0.000286
chr22	39955706	39956056	chr22	40420865	40421073	99658	7	0.000004
chr22	39955706	39956056	chr22	40432658	40433008	99659	9	0.000000
chr22	39963352	39963571	chr22	40420865	40421073	99660	5	0.000338
chr22	39963352	39963571	chr22	40432658	40433008	99661	4	0.001830
chr22	40018888	40019438	chr22	40328832	40329182	99662	6	0.024997
chr22	40018888	40019438	chr22	40336867	40337084	99663	8	0.000023
chr22	40018888	40019438	chr22	40395557	40395907	99664	5	0.000172
chr22	40018888	40019438	chr22	40420865	40421073	99665	30	0.000000
chr22	40018888	40019438	chr22	40432658	40433008	99666	6	0.004442
chr22	40328832	40329182	chr22	40744177	40744354	99667	8	0.004108
chr22	40420865	40421073	chr22	40744177	40744354	99668	11	0.004937
chr22	40432658	40433008	chr22	40744177	40744354	99669	22	0.000000
chr22	40744177	40744354	chr22	41042344	41042519	99670	11	0.016871
chr22	40832885	40833235	chr22	40883745	40883995	99671	43	0.000000
chr22	40832885	40833235	chr22	41042344	41042519	99672	66	0.000000
chr22	40883745	40883995	chr22	41042344	41042519	99673	18	0.008634
chr22	40920459	40920809	chr22	40988944	40989160	99674	19	0.040840
chr22	40920459	40920809	chr22	41042344	41042519	99675	110	0.000000
chr22	41042344	41042519	chr22	41295089	41295439	99676	18	0.000005
chr22	41079118	41079468	chr22	41156289	41156639	99677	24	0.000000
chr22	41079118	41079468	chr22	41295089	41295439	99678	16	0.000000
chr22	41318738	41319088	chr22	41633542	41633892	99679	31	0.000000
chr22	41681934	41682150	chr22	41697367	41697717	99680	20	0.000002
chr22	41799865	41800073	chr22	41897246	41897596	99681	47	0.000000
chr22	41799865	41800073	chr22	41913766	41914116	99682	74	0.000000
chr22	41799865	41800073	chr22	41922815	41922991	99683	54	0.000000
chr22	41799865	41800073	chr22	41929322	41929490	99684	42	0.000000
chr22	41939771	41940121	chr22	41993306	41993656	99685	16	0.000003
chr22	41972894	41973244	chr22	41993306	41993656	99686	14	0.000209
chr22	42062694	42062942	chr22	42337375	42337565	99687	18	0.000000
chr22	42093165	42093386	chr22	42159081	42159431	99688	52	0.000000
chr22	42093165	42093386	chr22	42253619	42253969	99689	17	0.001166
chr22	42093165	42093386	chr22	42337375	42337565	99690	55	0.000000
chr22	42093165	42093386	chr22	42353689	42353926	99691	10	0.006711
chr22	42142574	42142924	chr22	42159081	42159431	99692	37	0.000000
chr22	42142574	42142924	chr22	42253619	42253969	99693	12	0.039724
chr22	42218774	42219124	chr22	42337375	42337565	99694	68	0.000000
chr22	42322027	42322377	chr22	42337375	42337565	99695	43	0.003137
chr22	42362677	42363027	chr22	42470421	42470791	99696	16	0.000175
chr22	42362677	42363027	chr22	42486912	42487111	99697	27	0.000011
chr22	42362677	42363027	chr22	42508880	42509130	99698	24	0.000000
chr22	42362677	42363027	chr22	42510799	42511049	99699	10	0.002716
chr22	42362677	42363027	chr22	42833558	42833795	99700	18	0.000000
chr22	42362677	42363027	chr22	42840379	42840930	99701	5	0.030281
chr22	42362677	42363027	chr22	42869514	42869872	99702	6	0.001011
chr22	42362677	42363027	chr22	43008864	43009214	99703	5	0.003535
chr22	42486912	42487111	chr22	42833558	42833795	99704	25	0.000000
chr22	42486912	42487111	chr22	42840379	42840930	99705	16	0.000000
chr22	42486912	42487111	chr22	42869514	42869872	99706	10	0.000001
chr22	42565048	42565280	chr22	42665655	42665905	99707	20	0.000051
chr22	42565048	42565280	chr22	42709947	42710498	99708	20	0.000000
chr22	42565048	42565280	chr22	42833558	42833795	99709	98	0.000000
chr22	42565048	42565280	chr22	42840379	42840930	99710	11	0.000911
chr22	42565048	42565280	chr22	42854403	42854653	99711	10	0.000032
chr22	42565048	42565280	chr22	42869514	42869872	99712	11	0.000053
chr22	42665655	42665905	chr22	42833558	42833795	99713	14	0.008314
chr22	42674318	42674668	chr22	42833558	42833795	99714	22	0.000000
chr22	42692602	42692852	chr22	42833558	42833795	99715	11	0.000586
chr22	42928921	42929174	chr22	42948186	42948265	99716	31	0.000000
chr22	43017583	43017796	chr22	43216199	43216549	99717	10	0.000592
chr22	43017583	43017796	chr22	43263799	43264044	99718	20	0.000000
chr22	43017583	43017796	chr22	43486220	43486570	99719	10	0.000000
chr22	43057968	43058318	chr22	43088497	43088847	99720	28	0.000015
chr22	43057968	43058318	chr22	43176138	43176388	99721	17	0.041965
chr22	43057968	43058318	chr22	43216199	43216549	99722	16	0.000064
chr22	43057968	43058318	chr22	43263799	43264044	99723	17	0.000063
chr22	43057968	43058318	chr22	43486220	43486570	99724	7	0.005401
chr22	43176138	43176388	chr22	43263799	43264044	99725	25	0.000073
chr22	43176138	43176388	chr22	43429910	43430260	99726	14	0.000001
chr22	43176138	43176388	chr22	43456257	43456607	99727	9	0.000002
chr22	43176138	43176388	chr22	43486220	43486570	99728	30	0.000000
chr22	43176138	43176388	chr22	43532280	43532630	99729	7	0.001761
chr22	43263799	43264044	chr22	43363993	43364343	99730	19	0.000004
chr22	43263799	43264044	chr22	43429910	43430260	99731	28	0.000000
chr22	43263799	43264044	chr22	43456257	43456607	99732	7	0.012773
chr22	43263799	43264044	chr22	43486220	43486570	99733	15	0.000173
chr22	43506367	43506717	chr22	43532280	43532630	99734	35	0.000000
chr22	43627301	43627525	chr22	43669908	43670258	99735	32	0.029812
chr22	43627301	43627525	chr22	43742453	43742803	99736	33	0.000000
chr22	43627301	43627525	chr22	43781797	43781974	99737	83	0.000000
chr22	43627301	43627525	chr22	43784403	43784623	99738	15	0.045413
chr22	43627301	43627525	chr22	43877448	43877798	99739	7	0.003961
chr22	43669908	43670258	chr22	43742453	43742803	99740	28	0.000000
chr22	43669908	43670258	chr22	43781797	43781974	99741	124	0.000000
chr22	43669908	43670258	chr22	43784403	43784623	99742	20	0.003175
chr22	43669908	43670258	chr22	44280882	44281232	99743	5	0.004599
chr22	43784403	43784623	chr22	43877448	43877798	99744	10	0.006826
chr22	43784403	43784623	chr22	44139057	44139407	99745	7	0.000005
chr22	43784403	43784623	chr22	44222271	44222621	99746	14	0.000000
chr22	43784403	43784623	chr22	44280882	44281232	99747	21	0.000000
chr22	43784403	43784623	chr22	44341859	44342028	99748	5	0.000072
chr22	44032027	44032250	chr22	44244649	44244899	99749	2	0.027954
chr22	44143835	44144054	chr22	44222271	44222621	99750	9	0.000022
chr22	44143835	44144054	chr22	44280882	44281232	99751	10	0.000404
chr22	44280882	44281232	chr22	45019630	45019852	99752	3	0.003730
chr22	44280882	44281232	chr22	45022194	45022398	99753	8	0.000000
chr22	44341859	44342028	chr22	45022194	45022398	99754	7	0.000000
chr22	44389117	44389328	chr22	44477169	44477356	99755	20	0.013267
chr22	44389117	44389328	chr22	44481637	44481987	99756	96	0.000000
chr22	44389117	44389328	chr22	44963857	44964207	99757	6	0.000215
chr22	44389117	44389328	chr22	45019630	45019852	99758	3	0.024555
chr22	44389117	44389328	chr22	45022194	45022398	99759	25	0.000000
chr22	44421594	44421944	chr22	44464801	44465151	99760	16	0.000013
chr22	44421594	44421944	chr22	44477169	44477356	99761	17	0.002690
chr22	44477169	44477356	chr22	44963857	44964207	99762	5	0.000722
chr22	44477169	44477356	chr22	45019630	45019852	99763	6	0.000000
chr22	44477169	44477356	chr22	45022194	45022398	99764	16	0.000000
chr22	44481637	44481987	chr22	45022194	45022398	99765	9	0.000002
chr22	45093352	45093569	chr22	45131808	45132024	99766	115	0.000000
chr22	45216581	45216768	chr22	45478676	45479026	99767	7	0.000044
chr22	45216581	45216768	chr22	45492254	45492442	99768	14	0.000000
chr22	45224049	45224399	chr22	45478676	45479026	99769	3	0.018290
chr22	45224049	45224399	chr22	45492254	45492442	99770	7	0.000001
chr22	45371497	45371847	chr22	45478676	45479026	99771	8	0.000173
chr22	45371497	45371847	chr22	45492254	45492442	99772	10	0.000520
chr22	45497702	45498052	chr22	45659674	45660024	99773	9	0.015914
chr22	45561750	45562100	chr22	45659674	45660024	99774	13	0.007910
chr22	45664949	45665115	chr22	45705382	45705598	99775	16	0.047565
chr22	45664949	45665115	chr22	45831646	45831855	99776	72	0.000000
chr22	45664949	45665115	chr22	45858181	45858531	99777	5	0.010194
chr22	45664949	45665115	chr22	45949745	45949884	99778	16	0.000000
chr22	45705382	45705598	chr22	45831646	45831855	99779	9	0.021588
chr22	45837063	45837413	chr22	45949745	45949884	99780	18	0.000000
chr22	45837063	45837413	chr22	46375015	46375188	99781	15	0.000000
chr22	45837063	45837413	chr22	46512404	46512651	99782	3	0.040824
chr22	45973962	45974160	chr22	46259863	46260061	99783	10	0.000015
chr22	45973962	45974160	chr22	46263088	46263304	99784	7	0.000056
chr22	45973962	45974160	chr22	46375015	46375188	99785	81	0.000000
chr22	45973962	45974160	chr22	46512404	46512651	99786	7	0.001441
chr22	46041549	46041727	chr22	46227392	46227742	99787	18	0.000000
chr22	46041549	46041727	chr22	46239042	46239258	99788	6	0.021028
chr22	46041549	46041727	chr22	46259863	46260061	99789	8	0.047976
chr22	46041549	46041727	chr22	46263088	46263304	99790	8	0.000282
chr22	46041549	46041727	chr22	46375015	46375188	99791	88	0.000000
chr22	46127643	46127993	chr22	46227392	46227742	99792	8	0.012885
chr22	46127643	46127993	chr22	46375015	46375188	99793	13	0.000025
chr22	46259863	46260061	chr22	46375015	46375188	99794	27	0.000000
chr22	46390783	46390998	chr22	46512404	46512651	99795	131	0.000000
chr22	46390783	46390998	chr22	46710258	46710438	99796	9	0.016703
chr22	46396899	46397103	chr22	46512404	46512651	99797	15	0.000002
chr22	46402224	46402574	chr22	46512404	46512651	99798	161	0.000000
chr22	46409250	46409600	chr22	46512404	46512651	99799	51	0.000000
chr22	46518394	46518589	chr22	46692408	46692758	99800	31	0.000000
chr22	46518394	46518589	chr22	46710258	46710438	99801	106	0.000000
chr22	46518394	46518589	chr22	46938267	46938489	99802	16	0.000000
chr22	46751294	46751644	chr22	46938267	46938489	99803	40	0.000000
chr22	46763603	46763804	chr22	46840584	46840800	99804	6	0.007831
chr22	46763603	46763804	chr22	46938267	46938489	99805	66	0.000000
chr22	46959319	46959498	chr22	47076859	47077209	99806	12	0.040010
chr22	46959319	46959498	chr22	47080695	47080911	99807	42	0.000000
chr22	46959319	46959498	chr22	47134974	47135324	99808	17	0.000471
chr22	46959319	46959498	chr22	47154811	47154953	99809	15	0.028838
chr22	46959319	46959498	chr22	47199329	47199548	99810	16	0.000295
chr22	47076859	47077209	chr22	47194581	47194745	99811	8	0.021186
chr22	47134974	47135324	chr22	47199329	47199548	99812	25	0.000009
chr22	47154811	47154953	chr22	47199329	47199548	99813	67	0.000000
chr22	47609403	47609607	chr22	48233478	48233828	99814	4	0.000115
chr22	48237940	48238196	chr22	48888203	48888553	99815	7	0.000000
chr22	50161054	50161211	chr22	50324563	50324913	99816	19	0.018101
chr22	50161054	50161211	chr22	50468800	50468986	99817	30	0.000000
chr22	50161054	50161211	chr22	50587646	50587850	99818	7	0.008117
chr22	50324563	50324913	chr22	50431819	50432169	99819	37	0.000000
chr22	50324563	50324913	chr22	50468800	50468986	99820	138	0.000000
chr22	50324563	50324913	chr22	50587646	50587850	99821	12	0.033758
chr22	50324563	50324913	chr22	50648363	50648524	99822	11	0.002354
chr22	50431819	50432169	chr22	50468800	50468986	99823	35	0.000000
chr22	50587646	50587850	chr22	50648363	50648524	99824	117	0.000000
chr22	50679538	50679888	chr22	50780819	50781051	99825	31	0.000000
chr22	50679538	50679888	chr22	50936647	50936997	99826	16	0.000000
chr22	50679538	50679888	chr22	51058935	51059099	99827	9	0.000759
chr22	50690577	50690927	chr22	50780819	50781051	99828	40	0.000000
chr22	50690577	50690927	chr22	50936647	50936997	99829	9	0.017352
chr22	50690577	50690927	chr22	51058935	51059099	99830	9	0.003553
chr22	50710201	50710451	chr22	50780819	50781051	99831	11	0.002168
chr22	50712700	50713137	chr22	50765454	50765658	99832	10	0.024296
chr22	50712700	50713137	chr22	50780819	50781051	99833	14	0.000181
chr22	50714509	50715060	chr22	50765454	50765658	99834	46	0.000000
chr22	50714509	50715060	chr22	50780819	50781051	99835	42	0.000000
chr22	50714509	50715060	chr22	51058935	51059099	99836	7	0.015852
chr22	50780819	50781051	chr22	51058935	51059099	99837	11	0.047702
chr22	50898071	50898287	chr22	50936647	50936997	99838	9	0.005091
chr22	50964723	50965073	chr22	51001229	51001447	99839	23	0.000016
chr22	50964723	50965073	chr22	51058935	51059099	99840	34	0.000000
chr22	51014599	51014815	chr22	51129967	51130317	99841	6	0.024080
chr22	51066375	51066625	chr22	51129967	51130317	99842	15	0.000007
